9 13 59 25 14 6
9 60
61 5 62 21 26 8
10 63 64 4 27 65 66 8
25 67 68 6
69 70 28 71 72 73 6
74 75 15 29 11 7 12 16
76 77
78 79 17 80 7 81 82 83 84 5 85 86 6
87 88 10 89 5 10 90 9 30 91
22 92 93 94 31 95 12 6
9 17 96 4 97 98 99 100 101 102
103 104 23 105 6
24 4 106 17 107 19 11 7
108 15 109 7 4 110 30 111 32 112 113 8
114 115 116 4 117 33 34 4 118 119 7
18 120 4 121 122 123
28 10 35 124 4 125 126 127 128 6
129 130
131 24 132 34 8 133 134
135 36 136 9 5
9 137 5 138 139 140 4 141 142 143 5 144 7
145 5 146 147 148 149 4 150 151 152 6
35 153 37 154
155 156 157
158 5 38 24 4 159 160 161
162 4 15 17 163 164 5
165 38 166 8 167 33 168 8
169 170 7 16 171 172 173 4 174 175 11 14 23 19 176 177
178 21 5 39 179 4 20 180 181 182 183 6
184 185 186 12
187 4 40 40 4 15 18 188 41 189 190 7 6
191 192 5 193 8
194 195 21 196 197
42 198 199 5
14 41 200 201 6
202 20 43 5 203 204
39 4 37 44 205 8
206 45 46 4 207 20 208
209 210 10 211 4 9 212 5 213 47 214 32 45 46 7 6
215 216 217 218 219 220 221 27 222 16
223 224 5 225 4 226 227 228 5 229 230 231
9 13 232 6
233 4 234 235 236 237 4 238 239 240 241
9 242 5 4 243 29 244 245 246
247 248 48 249 49 4 48 47 6
250 251 12 8
50 13 51 252 16 253 254 12
9 255 256 5 52 22 18 4 23 257 51 258 259 12 8
19 14 5 260 52 261 5 53 7 262 263 4 54 53 7 264 265
266 4 43 18 267 7 6
268 269 55
270 18 5 271 14 26 4 272 49 6
42 20 273 274 7 16 55 275 5 276 277 278 4 279 280 8 54 281 44 7 8
282 283 4 284 11 56 56
10 285 57 10 57 58
286 287 58
288 289 31 10 290
50 291 292 293 294
19 7 295 296 5 297 15 298 17 299 300
9 13 301 22 4 302 303 304 5
36 305 8
306 307 11 308 4 9 13 309 11 310 311
