9 91 92 7 2 7 93 94 11
7 95 96 9 97 11
98 99 3 100 101 4
102 103 104 37 105 2 7 3 106 107 108 109 3 110 6
111 7 112 38 113 114 2 39 115 17 22 7 116 117 3 118 2 40 18 23 119 10 120 7 121 122 123 4
10 124 125 126 3 127 8 128 3 129 24 2 130 131 132 3 133 134 135 2 136 137 3 41 42 10 138 139 2 140 141 142 143 43 144 44
145 146 10 147 4
148 149 150 151 152 153 154 6
38 14 3 25 155 45 2 156 157 158 14 159 46 2 160 14 161 10 162 3 25 163 164 165 15 47 48 166 14 45 4
167 168 3 169 26 49
170 14 171 172 173 174 175 2 176 177 178 179 180
181 182 183 2 184 185
50 186 187 27 51 19 188 3 189 5
190 191 27 192 193 19 52 194 195 2 196 19 5 28 53 54 197 3 198 199
18 200 28 201 6
202 203 10 204 205 206 207 5
9 208 209 18 210 211 20 212 8 213 5 2 39 214 215 4
55 216 217 2 56 218 57 2 219 3 220 221
222 223 2 224 225
226 227 2 228 229 230 2 231 232 2 233 58 5 2 234 235 5
236 2 50 7
59 29 237 60 238 239 240 241 3 242 243 30
244 3 245 246 247 248 2 249 250 61 4
251 17 59 252 253 2 254 255
256 62 257 63
258 259 64 260 65 5 2 12 261 262 263 6
264 12 265 266 267 5 6
268 66 10 269 270 271 272 2 9 273 274 65 275 8 67 276 63
277 9 278 279 2 280 281 282 283 284 285 286 287 288
12 30 289 290 291 292 293 2 9 294 295 62 296 297 298
299 300 301 302 2 303 304 305
306 307 308 66 24 2 48 54 309 4
29 310 311 3 41 312 23 313 43 314 315 11
316 317 318 2 319 19 5 4
16 3 320 2 321 322 3 323 324 2 12 325 326 327 6
328 329 9 330 331 11
332 31 5 333 68 334 2 335 336 337 4
68 69 30 21 32 70 338 15 2 339 69 42 64 340 341 342 5 4
343 67 344 3 345 11 346 347 348 349 350 11
71 72 21 3 32 15 2 73 33 74 75 3 34 76 35 77 22 78 8 79 80 3 81 4
351 352 36 353 2 16 20 56 82 354 83 6 355 356 5 6
20 357 358 84 359
360 361 362 363 364 2 365 44 366 2 367 368 4
369 370
371 13 372 373
15 24 27 374 375 376 377 378 85 379 380 52 2 381 382 49 85 26 53 2 28 383 384
20 13 25 86 385 2 386 387 388 4 389 2 390 13 2 391 4
12 392 393 4
394 395 87
396 397 398 399 400
401 402 403 404 87 405 57
406 407 408 2 409 3 410 2 411 2 412 26 29 2 40 13 413 88 414 415 4
416 21 33 417 2 418 419 420 421 422 4
71 72 21 3 32 15 2 73 33 74 75 3 34 76 35 77 22 78 8 79 80 3 81 2 423 424 3 425 426 34 35 4
427 17 89 13 18 428
429 430 431 432 2 12 37 433 434 435 86 436
437 438 439 3 440 58 441 46 2 442 443 444 8 445 446 47 447 60 448 3 449 450 2 451 452 453 89 13 454 2 455 456 457 458 5 83
459 460 2 461 462 463 464 3 465 2 466 3 467 2 468 2 469 61 3 470 471
472 3 473 8 474 475 3 476 2 477 478 3 479 8 480 481 70 3 482 483 2 484 485 17 84 36
486 3 487 488 489 2 490 491 492 493 90 2 494 495 3 496 51 497 498 499 90 3 500 6
501 502 503 504 505 506 31 2 36 82
507 508 509 510
511 3 512 513 514 2 515 516 517 518 519 2 520 31 16 521 2 522 523 3 524 525 55 16 526 2 527 16 23 528 3 2 529 88 530
